5.36485e-312 2012, 15.2409 2005, 15.808 1956, 15.8082 1946, 15.8082 1938, 15.8082 1918, 15.8082 1917, 16.2178 1900, 16.2178 1897, 16.2179 1860, 16.7747 1852, 16.7796 1830, 16.7797 1819, 16.8334 1811, 16.8336 1804, 16.8342 1794, 16.8342 1787, 16.8342 1769, 17.5823 1759, 17.5907 1740, 18.731 1735, 18.7482 1722, 18.7511 1719, 18.754 1716, 18.7629 1698, 18.7697 1695, 18.77 1680, 
5.36485e-312 2012, 15.1756 2001, 15.1924 1987, 15.1924 1973, 15.1926 1923, 15.8295 1920, 15.8295 1843, 15.8296 1829, 15.8297 1823, 15.8298 1814, 16.0377 1794, 16.038 1784, 16.0381 1781, 16.8798 1770, 16.8804 1753, 16.8805 1738, 16.881 1731, 16.8811 1705, 16.8827 1690, 18.1355 1669, 
5.36485e-312 2012, 15.8646 1983, 15.8646 1980, 15.8647 1943, 15.865 1933, 15.865 1921, 15.865 1878, 15.8651 1867, 15.8651 1849, 15.8651 1837, 16.9863 1828, 17.095 1816, 17.0951 1793, 17.211 1781, 17.5484 1774, 17.5889 1773, 18.1087 1767, 18.3877 1766, 18.3878 1764, 18.3887 1763, 18.3887 1761, 18.4255 1760, 18.4269 1759, 18.9302 1756, 19.2758 1751, 20.5032 1737, 
5.36485e-312 2012, 15.2706 2007, 15.3045 1983, 15.3046 1971, 15.3046 1956, 15.3046 1944, 15.7554 1913, 16.2333 1897, 16.2343 1867, 16.2343 1808, 16.9421 1807, 16.9753 1780, 16.9765 1760, 17.0963 1756, 17.1567 1721, 
5.36485e-312 2012, 15.4821 1979, 15.4821 1978, 15.7875 1930, 16.1617 1929, 16.1617 1928, 16.1618 1896, 16.4477 1892, 16.5361 1878, 16.5363 1875, 16.5755 1842, 16.8792 1821, 16.8792 1814, 16.8797 1813, 16.8798 1791, 16.8798 1788, 17.3654 1782, 17.3654 1752, 17.3654 1734, 17.3655 1733, 17.3655 1730, 
5.36485e-312 2012, 16.0254 2010, 16.0254 1992, 16.0254 1989, 16.1083 1984, 16.1085 1954, 16.1085 1945, 16.1086 1924, 16.4253 1920, 16.4253 1919, 16.4254 1907, 16.7345 1904, 16.7346 1897, 16.7353 1892, 16.7576 1875, 16.7577 1851, 17.0322 1844, 17.0323 1841, 17.0332 1837, 17.0332 1833, 17.092 1831, 17.092 1819, 17.5217 1777, 17.6281 1776, 17.6282 1773, 17.6283 1747, 17.6288 1740, 17.6288 1729, 18.0464 1723, 18.0787 1722, 18.0791 1708, 18.115 1702, 18.1151 1688, 18.1151 1687, 
5.36485e-312 2012, 14.9784 1990, 14.9784 1981, 15.8895 1968, 15.8896 1936, 15.8897 1933, 16.0034 1921, 16.0383 1913, 16.0384 1911, 16.0817 1909, 16.1118 1891, 16.1119 1887, 16.112 1886, 16.243 1885, 16.2485 1884, 16.258 1866, 16.258 1847, 16.4401 1837, 16.4402 1811, 16.5429 1777, 16.8795 1734, 16.8795 1720, 20.6191 1717, 20.626 1710, 
5.36485e-312 2012, 15.6455 2010, 15.6858 1984, 15.6861 1967, 15.6861 1951, 15.6861 1937, 15.6863 1916, 16.2316 1906, 16.6182 1892, 16.6215 1886, 16.6216 1875, 16.6218 1863, 16.9839 1859, 16.984 1847, 17.0878 1836, 17.1908 1820, 17.2648 1816, 17.2653 1792, 17.2654 1765, 17.2655 1762, 17.2681 1755, 17.2682 1749, 17.2701 1734, 17.2702 1733, 17.5986 1719, 17.6005 1716, 
5.36485e-312 2012, 15.3748 1994, 15.3748 1955, 15.7651 1928, 15.7652 1914, 15.9368 1911, 16.2781 1906, 16.3387 1886, 16.3387 1865, 16.537 1855, 16.537 1844, 16.6938 1843, 16.8014 1833, 16.8854 1831, 17.0509 1820, 17.051 1818, 17.051 1811, 17.1296 1804, 17.1297 1784, 17.1297 1780, 17.1297 1762, 17.2879 1750, 17.4558 1748, 17.4558 1745, 17.4594 1739, 17.4809 1730, 19.3674 1698, 19.3682 1681, 
5.36485e-312 2012, 15.9963 2006, 15.9964 2003, 15.9964 1992, 15.9967 1987, 16.0053 1978, 16.0067 1961, 16.0069 1949, 16.0072 1938, 16.2267 1935, 16.2268 1929, 16.2268 1920, 16.3468 1884, 16.3682 1863, 16.4415 1851, 16.4419 1845, 16.4419 1838, 16.7918 1814, 16.7935 1813, 16.7935 1801, 16.7936 1779, 16.7941 1772, 16.7941 1754, 16.7948 1741, 16.7955 1738, 16.8032 1735, 16.8033 1717, 19.9456 1712, 19.9458 1710, 19.9465 1709, 19.9465 1706, 19.9473 1699, 19.9473 1697, 21.4897 1680, 21.4898 1676, 21.4912 1675, 21.4927 1666, 21.4929 1664, 21.493 1663, 21.4953 1626, 21.4974 1625, 21.4975 1623, 
