5.36485e-312 3923, 48.5474 3900, 48.5493 3886, 71.824 3882, 71.8364 3870, 71.8397 3862, 71.8483 3837, 71.8514 3818, 71.889 3815, 72.1589 3803, 72.2227 3792, 72.4808 3786, 
5.36485e-312 3923, 52.4643 3909, 52.4649 3895, 52.466 3888, 52.466 3866, 52.4692 3857, 52.4692 3824, 52.4709 3814, 52.4726 3796, 75.5677 3789, 75.5714 3781, 
5.36485e-312 3923, 47.968 3921, 47.9698 3900, 47.9727 3886, 47.9733 3876, 47.9745 3875, 60.7031 3850, 60.7055 3844, 60.7224 3835, 60.7549 3833, 60.7552 3816, 60.7555 3804, 60.7558 3782, 60.7613 3770, 60.7659 3766, 60.7664 3724, 60.7673 3720, 60.7696 3708, 60.7696 3694, 60.7914 3664, 60.7965 3661, 
5.36485e-312 3923, 47.5811 3912, 47.5814 3907, 47.5851 3898, 47.5854 3892, 47.5866 3870, 47.5903 3866, 49.2824 3860, 49.2853 3858, 49.2858 3852, 49.2867 3807, 49.2875 3805, 
5.36485e-312 3923, 
5.36485e-312 3923, 45.7507 3921, 45.7507 3920, 45.7509 3916, 45.7572 3902, 45.7702 3870, 45.7705 3852, 45.7708 3848, 45.7716 3838, 45.7725 3830, 45.7753 3817, 45.786 3805, 45.7885 3791, 45.7885 3777, 59.387 3755, 59.4006 3745, 59.4018 3679, 59.4156 3668, 
5.36485e-312 3923, 48.7026 3900, 75.1045 3890, 75.1297 3878, 75.8119 3836, 78.0586 3829, 82.3291 3794, 84.4643 3785, 
5.36485e-312 3923, 81.0868 3905, 81.0874 3893, 
5.36485e-312 3923, 46.0309 3908, 46.0324 3903, 46.0326 3817, 46.0428 3807, 46.0439 3806, 46.0445 3801, 
5.36485e-312 3923, 69.7186 3917, 69.7471 3899, 70.2301 3893, 70.3767 3868, 70.4067 3855, 81.1607 3849, 81.2151 3824, 81.5232 3819, 81.6182 3810, 82.2351 3799, 
