5.36485e-312 2012, 48.1383 1971, 48.2704 1963, 48.3327 1950, 48.3352 1940, 48.3352 1916, 48.3353 1914, 48.3353 1864, 48.4535 1844, 48.5459 1809, 
5.36485e-312 2012, 46.1927 1979, 46.4965 1977, 46.4965 1965, 46.4969 1960, 46.497 1942, 46.4974 1931, 46.4975 1930, 46.5619 1926, 46.5633 1919, 46.5634 1915, 46.5634 1913, 46.5634 1880, 46.5635 1862, 46.6497 1860, 46.65 1855, 46.6511 1843, 46.6511 1828, 46.6514 1826, 46.6519 1823, 46.652 1791, 46.7786 1784, 46.7796 1777, 46.7796 1770, 46.7906 1767, 
5.36485e-312 2012, 50.4267 1973, 50.4269 1960, 50.6538 1954, 50.6538 1935, 50.6538 1914, 50.7573 1895, 50.7649 1848, 50.7731 1815, 50.78 1808, 50.7803 1798, 50.7805 1796, 50.784 1774, 50.784 1760, 50.792 1743, 50.8141 1739, 50.8145 1728, 51.1451 1719, 51.1474 1708, 51.1476 1703, 
5.36485e-312 2012, 49.6205 2006, 49.7199 2004, 49.7199 1990, 49.9228 1961, 49.9231 1936, 49.9231 1893, 49.9969 1841, 49.9969 1834, 50.122 1832, 50.1221 1814, 50.1222 1808, 50.1893 1803, 50.1907 1794, 50.1908 1787, 50.1908 1769, 50.2437 1758, 50.557 1751, 50.5579 1748, 
5.36485e-312 2012, 47.0869 2007, 47.1547 2005, 47.1547 1993, 47.1547 1960, 47.1547 1936, 47.1549 1908, 47.155 1903, 47.4999 1843, 47.5 1833, 47.5333 1811, 47.5398 1787, 47.7423 1781, 47.7424 1777, 47.7429 1722, 47.962 1717, 48.073 1713, 48.0735 1709, 
5.36485e-312 2012, 45.6557 2011, 45.6562 2008, 45.7081 1995, 45.7127 1987, 45.7655 1959, 45.7736 1941, 45.7736 1937, 45.7736 1923, 45.7737 1901, 45.7738 1854, 45.9048 1852, 45.9048 1851, 46.0458 1841, 46.1002 1830, 46.1642 1825, 46.1705 1823, 46.1711 1822, 46.1713 1800, 46.1714 1797, 46.9568 1778, 
5.36485e-312 2012, 48.7259 2011, 48.7981 2001, 48.799 1988, 48.799 1947, 48.8222 1945, 48.8222 1877, 49.1042 1847, 49.1042 1826, 49.2064 1811, 49.2064 1786, 49.2064 1783, 
5.36485e-312 2012, 47.0249 2008, 47.1539 2003, 47.1539 1991, 47.1545 1983, 47.1546 1979, 47.1547 1951, 47.1548 1940, 47.1548 1918, 47.1549 1914, 47.4141 1886, 47.4141 1879, 47.6994 1872, 47.8191 1865, 47.8195 1849, 47.823 1845, 47.8289 1841, 47.9246 1838, 47.9246 1835, 47.9316 1834, 47.9316 1828, 47.9334 1813, 47.9342 1772, 47.9775 1769, 48.0569 1761, 48.0569 1736, 
5.36485e-312 2012, 47.7645 2007, 47.8686 2003, 47.8693 1997, 47.8694 1988, 47.8697 1983, 47.8698 1935, 47.8698 1933, 47.9861 1924, 47.9864 1882, 47.9865 1814, 48.055 1813, 48.2109 1806, 48.211 1784, 49.3344 1783, 49.3347 1764, 49.429 1763, 49.4306 1760, 49.431 1757, 49.4597 1720, 49.4598 1717, 
5.36485e-312 2012, 47.7473 2000, 47.7473 1998, 47.9234 1996, 48.0959 1934, 48.1091 1917, 48.1159 1915, 48.1159 1911, 48.1165 1902, 48.1165 1901, 48.1169 1886, 48.1187 1876, 48.1301 1859, 48.1301 1819, 48.1303 1808, 48.219 1804, 
