5.36485e-312 2012, 0.212372 1954, 0.212372 1936, 0.212416 1935, 0.21246 1922, 0.212548 1918, 0.383432 1913, 0.383565 1905, 0.405011 1899, 0.405056 1885, 0.405499 1879, 0.405543 1876, 0.405587 1872, 0.405676 1869, 0.405676 1866, 0.42366 1860, 0.42366 1856, 0.424166 1837, 0.488712 1834, 0.980729 1831, 1.89545 1813, 1.89549 1806, 1.89576 1803, 25.0176 1786, 51.5194 1783, 
5.36485e-312 2012, 0.3104 2008, 0.310444 1996, 0.338143 1988, 0.339571 1979, 0.408869 1968, 0.411359 1928, 0.411588 1899, 0.411676 1887, 0.41172 1886, 0.411764 1879, 0.498251 1876, 0.498383 1875, 0.503732 1861, 0.503908 1859, 0.539731 1838, 0.539962 1837, 0.5406 1831, 0.541295 1801, 0.544866 1791, 0.545348 1784, 0.545348 1777, 0.545524 1769, 0.545568 1751, 
5.36485e-312 2012, 0.270013 2001, 0.270057 1982, 0.270278 1964, 0.279424 1960, 0.279468 1954, 0.298036 1942, 0.298124 1933, 0.298407 1882, 0.298647 1875, 0.298693 1861, 0.298784 1836, 0.372364 1809, 1.97831 1802, 1.97836 1799, 1.979 1797, 4.73818 1796, 20.904 1790, 21.0163 1786, 21.0167 1768, 
5.36485e-312 2012, 0.243589 1994, 0.243901 1886, 0.243901 1870, 0.24399 1854, 0.343566 1851, 0.34361 1849, 0.343654 1834, 0.345771 1812, 0.345771 1800, 0.391191 1787, 0.39168 1785, 18.2662 1783, 31.7371 1777, 31.74 1765, 31.7404 1757, 
5.36485e-312 2012, 0.284489 2006, 0.28584 1999, 0.28584 1985, 0.286373 1974, 0.286373 1966, 0.293426 1956, 0.295511 1948, 0.297925 1939, 0.298144 1920, 0.298363 1913, 0.298894 1910, 0.298939 1892, 0.309071 1879, 0.309207 1863, 0.367656 1861, 0.368366 1856, 0.369032 1851, 0.369643 1849, 0.401336 1848, 9.18341 1845, 9.73323 1838, 34.0874 1834, 34.0875 1827, 36.6719 1763, 36.6719 1760, 
5.36485e-312 2012, 0.247735 2008, 0.24778 2005, 0.247869 1997, 0.247869 1932, 0.273413 1921, 0.273459 1919, 0.273459 1908, 0.273459 1894, 0.367017 1880, 0.367109 1858, 0.679969 1837, 0.680104 1834, 0.707539 1814, 0.721654 1812, 0.722059 1810, 0.885949 1809, 0.887354 1807, 0.907294 1800, 6.39687 1778, 6.55421 1757, 
5.36485e-312 2012, 0.245146 2003, 0.252022 1972, 0.252156 1967, 0.2522 1919, 0.254702 1915, 0.256293 1901, 0.256337 1879, 0.305472 1878, 0.305561 1876, 0.305716 1864, 0.306115 1844, 0.306248 1842, 0.306293 1836, 0.310122 1822, 0.310122 1808, 0.310255 1800, 0.651763 1796, 0.651895 1762, 0.657917 1721, 
5.36485e-312 2012, 0.252584 2010, 0.252717 2007, 0.252717 1995, 0.252762 1958, 0.253255 1944, 0.280823 1935, 0.280868 1899, 0.280959 1895, 0.283523 1889, 0.283619 1873, 0.283619 1854, 0.283708 1831, 0.283708 1829, 0.283752 1805, 0.359016 1803, 0.359016 1791, 0.359016 1784, 0.361575 1783, 0.36612 1782, 0.366165 1779, 0.366889 1776, 
5.36485e-312 2012, 0.237874 2005, 0.237918 2000, 0.246216 1969, 0.24626 1962, 0.24626 1955, 0.246305 1931, 0.327 1915, 0.345821 1914, 0.345971 1890, 0.360251 1853, 0.365405 1840, 0.366965 1837, 0.367669 1836, 0.375771 1835, 0.37782 1824, 0.38208 1809, 9.22394 1807, 9.2253 1806, 
5.36485e-312 2012, 0.266005 1948, 0.266049 1945, 0.266626 1930, 0.266759 1912, 0.321055 1903, 0.321055 1900, 0.321099 1893, 0.321507 1886, 0.32156 1879, 0.325798 1870, 0.743766 1869, 0.75205 1868, 0.75205 1865, 0.771931 1858, 0.771976 1857, 0.772066 1840, 0.772329 1837, 5.03373 1830, 5.03419 1829, 5.06189 1821, 5.06221 1805, 5.06221 1784, 
