5.36485e-312 3923, 11.6534 3888, 11.6534 3886, 11.6777 3885, 11.7046 3867, 12.2865 3855, 12.2874 3854, 12.2904 3812, 70.2908 3807, 70.2962 3787, 70.304 3773, 85.3648 3751, 97.8029 3729, 100.305 3725, 
5.36485e-312 3923, 1.95133 3922, 1.95218 3895, 1.95302 3889, 1.95387 3859, 1.96303 3849, 17.3125 3847, 17.3304 3835, 20.1652 3828, 86.2252 3816, 89.0238 3813, 89.0242 3808, 89.0309 3794, 89.0348 3772, 90.2239 3747, 96.9376 3727, 
5.36485e-312 3923, 12.6227 3916, 12.6269 3888, 12.6315 3865, 70.8131 3857, 89.718 3854, 92.1571 3843, 92.2971 3838, 95.9762 3832, 
5.36485e-312 3923, 11.3468 3897, 11.3575 3896, 11.3583 3884, 11.4139 3871, 11.4142 3863, 11.4151 3849, 11.4168 3847, 11.4196 3845, 11.4199 3839, 11.4377 3827, 11.4434 3819, 29.1637 3811, 29.1976 3798, 32.5968 3767, 32.6045 3753, 32.7915 3749, 32.7959 3735, 36.1997 3729, 45.9681 3709, 45.9875 3703, 
5.36485e-312 3923, 15.3204 3920, 15.3439 3904, 15.3445 3892, 23.2998 3876, 24.4625 3856, 24.6685 3837, 25.0314 3835, 25.2788 3823, 25.2797 3802, 26.9731 3790, 26.9857 3776, 27.9869 3768, 27.9884 3748, 29.2713 3726, 29.458 3718, 30.073 3708, 30.248 3703, 30.4098 3698, 45.5319 3693, 52.679 3681, 54.1679 3647, 54.1778 3634, 
5.36485e-312 3923, 11.4959 3922, 11.5021 3892, 11.5037 3891, 11.5094 3880, 11.5112 3878, 11.5669 3877, 11.6018 3865, 11.6519 3855, 11.6567 3854, 11.6775 3832, 11.678 3788, 11.6805 3775, 11.7052 3767, 15.8633 3741, 27.1888 3735, 27.24 3719, 28.3546 3711, 28.4066 3709, 34.9089 3701, 39.0777 3698, 41.211 3675, 42.1014 3664, 42.1045 3662, 42.1814 3656, 71.892 3639, 71.9044 3634, 102.361 3624, 102.361 3604, 102.376 3566, 
5.36485e-312 3923, 1.38116 3917, 1.38144 3900, 14.4231 3897, 14.424 3881, 14.4244 3865, 14.4247 3859, 14.425 3856, 14.4255 3853, 14.4277 3843, 14.4283 3827, 14.4293 3825, 14.4314 3810, 14.4568 3805, 
5.36485e-312 3923, 32.3974 3908, 33.3284 3899, 33.3495 3878, 33.3706 3866, 33.3709 3852, 35.5578 3845, 35.5691 3826, 35.5701 3786, 44.7413 3775, 47.137 3774, 47.1447 3769, 47.1501 3760, 78.0358 3759, 78.0368 3749, 85.5043 3738, 
5.36485e-312 3923, 44.8021 3915, 44.8111 3901, 45.1384 3873, 45.2784 3869, 45.3208 3833, 
5.36485e-312 3923, 17.6928 3904, 17.7388 3894, 20.1803 3892, 20.1806 3872, 20.1893 3857, 20.1932 3827, 21.319 3821, 21.3248 3789, 23.0077 3776, 23.7119 3774, 23.8001 3771, 25.3009 3758, 25.3089 3740, 25.3198 3729, 25.5392 3704, 35.5673 3683, 38.5986 3657, 41.4688 3652, 
